O-99583999,-448,799,8326
U-15499797,-339,-1809,1494
H-99267585,999,-2038,2800
T-86438666,-1490,2064,8854
W-51989824,-2080,267,5483
Y-38211325,-1980,1146,4948
P-59556928,-1909,-2295,6406
T-25799768,-1783,-1315,876
M-56766543,1433,1204,2737
F-78176973,-2833,374,3455
A-54385557,-533,816,4059
Q-62649125,338,-1329,2841
W-98221962,-1450,-307,6868
Y-56478831,1062,2981,3823
M-22512598,-1767,-677,6671
X-33216675,-326,-2078,9789
N-65345447,1469,-735,670
X-58872972,2721,-201,3066
U-12254285,-2524,495,1765
M-67711812,-456,484,6157
U-19498437,-13,-598,2899
G-99168234,1046,287,2946
P-35894928,-2858,1570,1866
K-84865992,-2133,510,7294
W-84263585,368,413,6105
G-47276319,-2471,231,3891
O-58531384,195,1368,9493
U-22262445,-1304,638,638
H-39131651,-1070,-2253,3488
Q-34937661,-716,911,4430
J-12989296,-166,-2882,7386
A-93483343,-2939,1097,5687
P-72437842,2271,-1005,4104
U-78388184,2225,-1636,3488
X-42269446,-342,2692,1658
D-23545135,2803,-1003,9777
U-25236938,-2961,348,3897
T-63445659,899,1665,1870
R-57255125,401,2458,582
F-33789463,-2932,821,5675
X-95936574,-2017,-2508,5546
U-62895774,-987,2862,1272
F-87925996,-1440,-2942,2062
O-23854421,-1880,-1463,5305
B-81138451,-2416,711,7487
V-92184263,-1453,1898,3474
O-98134549,337,1575,486
X-98752451,421,-1462,4782
A-48951666,8,-1099,6915
F-84452952,1983,2128,9018
B-32579277,1301,2441,3164
C-12985727,-2398,1569,7129
O-68675971,1712,1786,5777
F-86396548,2853,2189,9801
X-71534698,1814,1578,6496
R-94465295,-2992,2823,5300
J-11298856,-1447,-927,5057
G-69955439,876,-718,4863
Z-25152112,2327,-1359,9213
N-62783386,-2199,-2092,691
B-97172658,-1032,211,5690
L-57694748,-942,-496,2866
O-32367333,1452,-2318,7398
N-61365717,1396,-1693,8486
E-49242291,-2867,628,2328
Z-16119976,-521,54,8448
J-72848536,-1617,1263,3906
U-97478464,-1896,-43,3324
E-23744675,862,-49,5023
S-68719351,-2237,270,1369
G-83471741,-2935,2678,4098
Y-11786413,845,2092,5756
T-98543579,2632,-696,3583
B-43777454,590,134,2275
X-14481219,-1441,-1420,234
R-65863596,2697,926,2325
R-11151824,-761,807,1724
E-49453429,130,1613,3852
O-83488892,-208,1118,2878
N-15998649,-2455,-1988,2691
I-68293645,1208,-1874,2610
F-62844231,439,-2823,4949
K-43458194,1923,-981,4905
Q-98258859,2413,2129,6693
L-44196893,1517,2341,4929
Q-62594353,-1821,-164,6704
B-51764468,1705,2095,6008
R-73152241,-291,-288,8798
A-52445822,2149,-2177,7773
E-99418734,1591,-1295,4696